response     time	intercept	  time        x1        x2
7.143419   0.000000   1.000000   0.000000   0.000000   0.000000   
8.460538   0.000000   1.000000   0.000000   1.000000   0.000000   
6.680423   0.500000   1.000000   0.500000   1.000000   0.500000   
9.165576   1.000000   1.000000   1.000000   1.000000   1.000000   
8.502162   0.000000   1.000000   0.000000   0.000000   0.000000   
7.194571   0.000000   1.000000   0.000000   1.000000   0.000000   
9.081310   0.500000   1.000000   0.500000   1.000000   0.500000   
9.478174   1.000000   1.000000   1.000000   1.000000   1.000000   
8.131800   1.500000   1.000000   1.500000   1.000000   1.500000   
2.812791   0.000000   1.000000   0.000000   1.000000   0.000000   
9.122849   0.000000   1.000000   0.000000   0.000000   0.000000   
12.948632   0.500000   1.000000   0.500000   0.000000   0.000000   
14.617275   1.000000   1.000000   1.000000   0.000000   0.000000   
9.276288   1.500000   1.000000   1.500000   0.000000   0.000000   
9.160655   0.000000   1.000000   0.000000   0.000000   0.000000   
9.872875   0.500000   1.000000   0.500000   0.000000   0.000000   
13.909737   1.000000   1.000000   1.000000   0.000000   0.000000   
11.047663   1.500000   1.000000   1.500000   0.000000   0.000000   
10.030971   0.000000   1.000000   0.000000   0.000000   0.000000   
12.132900   0.500000   1.000000   0.500000   0.000000   0.000000   
5.413256   0.000000   1.000000   0.000000   1.000000   0.000000   
13.099809   0.500000   1.000000   0.500000   1.000000   0.500000   
10.957890   1.000000   1.000000   1.000000   1.000000   1.000000   
14.194353   1.500000   1.000000   1.500000   1.000000   1.500000   
8.203285   0.000000   1.000000   0.000000   0.000000   0.000000   
10.118941   0.500000   1.000000   0.500000   0.000000   0.000000   
13.965538   1.000000   1.000000   1.000000   0.000000   0.000000   
11.819340   1.500000   1.000000   1.500000   0.000000   0.000000   
7.651753   0.000000   1.000000   0.000000   0.000000   0.000000   
9.943691   0.500000   1.000000   0.500000   0.000000   0.000000   
7.466338   0.000000   1.000000   0.000000   1.000000   0.000000   
6.900604   0.500000   1.000000   0.500000   1.000000   0.500000   
9.369765   1.000000   1.000000   1.000000   1.000000   1.000000   
8.303116   1.500000   1.000000   1.500000   1.000000   1.500000   
5.681659   2.000000   1.000000   2.000000   1.000000   2.000000   
7.530214   2.500000   1.000000   2.500000   1.000000   2.500000   
12.858376   0.000000   1.000000   0.000000   0.000000   0.000000   
11.684325   0.500000   1.000000   0.500000   0.000000   0.000000   
8.335715   0.000000   1.000000   0.000000   0.000000   0.000000   
6.155970   0.000000   1.000000   0.000000   1.000000   0.000000   
8.929638   0.500000   1.000000   0.500000   1.000000   0.500000   
10.406656   1.000000   1.000000   1.000000   1.000000   1.000000   
15.974406   1.500000   1.000000   1.500000   1.000000   1.500000   
12.290913   2.000000   1.000000   2.000000   1.000000   2.000000   
14.253388   0.000000   1.000000   0.000000   0.000000   0.000000   
12.028737   0.000000   1.000000   0.000000   0.000000   0.000000   
8.802762   0.000000   1.000000   0.000000   0.000000   0.000000   
7.454742   0.000000   1.000000   0.000000   1.000000   0.000000   
8.513044   0.500000   1.000000   0.500000   1.000000   0.500000   
9.471611   1.000000   1.000000   1.000000   1.000000   1.000000   
14.584172   1.500000   1.000000   1.500000   1.000000   1.500000   
6.706083   2.000000   1.000000   2.000000   1.000000   2.000000   
6.664797   2.500000   1.000000   2.500000   1.000000   2.500000   
11.976636   3.000000   1.000000   3.000000   1.000000   3.000000   
11.334564   3.500000   1.000000   3.500000   1.000000   3.500000   
8.457562   0.000000   1.000000   0.000000   1.000000   0.000000   
8.495478   0.500000   1.000000   0.500000   1.000000   0.500000   
8.377059   1.000000   1.000000   1.000000   1.000000   1.000000   
9.026563   1.500000   1.000000   1.500000   1.000000   1.500000   
10.406382   2.000000   1.000000   2.000000   1.000000   2.000000   
7.435271   2.500000   1.000000   2.500000   1.000000   2.500000   
12.166920   0.000000   1.000000   0.000000   0.000000   0.000000   
8.151474   0.500000   1.000000   0.500000   0.000000   0.000000   
7.994382   0.000000   1.000000   0.000000   1.000000   0.000000   
8.880153   0.500000   1.000000   0.500000   1.000000   0.500000   
10.646639   1.000000   1.000000   1.000000   1.000000   1.000000   
7.407220   1.500000   1.000000   1.500000   1.000000   1.500000   
6.803321   2.000000   1.000000   2.000000   1.000000   2.000000   
5.366781   2.500000   1.000000   2.500000   1.000000   2.500000   
10.405582   3.000000   1.000000   3.000000   1.000000   3.000000   
7.488004   3.500000   1.000000   3.500000   1.000000   3.500000   
6.073746   4.000000   1.000000   4.000000   1.000000   4.000000   
10.994895   4.500000   1.000000   4.500000   1.000000   4.500000   
4.400167   5.000000   1.000000   5.000000   1.000000   5.000000   
8.004966   0.000000   1.000000   0.000000   1.000000   0.000000   
7.135284   0.500000   1.000000   0.500000   1.000000   0.500000   
4.920765   1.000000   1.000000   1.000000   1.000000   1.000000   
6.132134   1.500000   1.000000   1.500000   1.000000   1.500000   
7.500317   2.000000   1.000000   2.000000   1.000000   2.000000   
5.593033   2.500000   1.000000   2.500000   1.000000   2.500000   
10.056833   3.000000   1.000000   3.000000   1.000000   3.000000   
6.591610   3.500000   1.000000   3.500000   1.000000   3.500000   
5.717770   4.000000   1.000000   4.000000   1.000000   4.000000   
9.251766   0.000000   1.000000   0.000000   1.000000   0.000000   
8.507432   0.500000   1.000000   0.500000   1.000000   0.500000   
8.989827   0.000000   1.000000   0.000000   0.000000   0.000000   
7.332265   0.500000   1.000000   0.500000   0.000000   0.000000   
8.356015   0.000000   1.000000   0.000000   0.000000   0.000000   
11.903385   0.500000   1.000000   0.500000   0.000000   0.000000   
13.348925   1.000000   1.000000   1.000000   0.000000   0.000000   
12.386090   1.500000   1.000000   1.500000   0.000000   0.000000   
13.196748   2.000000   1.000000   2.000000   0.000000   0.000000   
9.620795   2.500000   1.000000   2.500000   0.000000   0.000000   
12.219755   0.000000   1.000000   0.000000   0.000000   0.000000   
6.879415   0.500000   1.000000   0.500000   0.000000   0.000000   
14.159307   1.000000   1.000000   1.000000   0.000000   0.000000   
8.225851   0.000000   1.000000   0.000000   1.000000   0.000000   
3.698441   0.500000   1.000000   0.500000   1.000000   0.500000   
10.842568   1.000000   1.000000   1.000000   1.000000   1.000000   
10.388267   1.500000   1.000000   1.500000   1.000000   1.500000   
12.438368   2.000000   1.000000   2.000000   1.000000   2.000000   
9.854351   0.000000   1.000000   0.000000   1.000000   0.000000   
9.041623   0.500000   1.000000   0.500000   1.000000   0.500000   
9.973580   1.000000   1.000000   1.000000   1.000000   1.000000   
7.692497   1.500000   1.000000   1.500000   1.000000   1.500000   
9.359468   2.000000   1.000000   2.000000   1.000000   2.000000   
12.350359   2.500000   1.000000   2.500000   1.000000   2.500000   
3.844723   3.000000   1.000000   3.000000   1.000000   3.000000   
7.313532   3.500000   1.000000   3.500000   1.000000   3.500000   
6.653481   4.000000   1.000000   4.000000   1.000000   4.000000   
5.683543   0.000000   1.000000   0.000000   0.000000   0.000000   
11.048291   0.500000   1.000000   0.500000   0.000000   0.000000   
9.440305   1.000000   1.000000   1.000000   0.000000   0.000000   
12.711150   1.500000   1.000000   1.500000   0.000000   0.000000   
14.516465   2.000000   1.000000   2.000000   0.000000   0.000000   
8.139107   2.500000   1.000000   2.500000   0.000000   0.000000   
9.167016   3.000000   1.000000   3.000000   0.000000   0.000000   
13.873484   3.500000   1.000000   3.500000   0.000000   0.000000   